[WheelEncoderConstant]
MeterPerTickLeft=0.00061298924203880229
MeterPerTickRight=0.0006124073733847755

[DistanceBetweenWheels]
track=0.53975

[MotorEncoderConstant]
MeterPerTickLeft=0.000043847244967980548
MeterPerTickRight=0.000043639632641572423


#These values should be found experimentally
[Variance]
track=0.00016129
LeftWheel=0.00049871
RightWheel=0.00073805
